   0.00000000       6.00000000       2.00000359E-05   5.50004188E-06
   0.00000000       7.00000000       7.50005711E-06   7.49994069E-06
   0.00000000       8.00000000       1.04999635E-05   1.04999635E-05
   0.00000000       9.00000000       1.44999940E-05   1.44999940E-05
   0.00000000       10.0000000       1.89999118E-05   2.00000359E-05
   6.00000000       2.00000359E-05   5.50004188E-06   2.34999461E-05
   7.00000000       7.50005711E-06   7.49994069E-06   4.50003427E-06
   8.00000000       1.04999635E-05   1.04999635E-05   7.00005330E-06
   9.00000000       1.44999940E-05   1.44999940E-05   6.50004949E-06
   10.0000000       1.89999118E-05   2.00000359E-05   7.99994450E-06
